date,open,close,high,low
2014-01-02,11.02,11.30,11.35,10.95
2014-01-03,10.98,10.64,10.99,10.30
2014-01-06,10.66,11.29,11.32,10.07
2014-01-07,11.16,10.30,11.29,10.23
2014-01-08,9.89,9.42,10.16,9.40
2014-01-09,9.56,9.95,10.01,9.02
2014-01-10,9.90,9.57,9.90,9.08
2014-01-13,9.44,9.54,9.65,9.37
2014-01-14,9.55,9.57,9.83,9.55
2014-01-15,9.57,10.16,10.18,9.30
2014-01-16,10.13,10.10,10.37,10.02
2014-01-17,10.11,9.54,10.15,9.11
2014-01-20,9.49,9.80,9.96,9.37
2014-01-21,9.70,9.70,9.84,9.63
2014-01-22,9.69,9.74,9.82,9.54
2014-01-23,9.72,9.96,10.08,9.72
2014-01-24,10.10,10.96,10.96,10.10
2014-01-27,11.23,10.72,11.40,10.63
2014-01-28,10.36,10.53,10.64,10.19
2014-01-29,10.44,10.26,10.67,10.25
2014-01-30,10.23,10.36,10.52,10.16
2014-02-07,10.60,10.41,10.72,10.41
2014-02-10,10.51,10.69,10.81,10.39
2014-02-11,10.67,10.79,10.97,10.63
2014-02-12,10.74,10.90,11.16,10.67
2014-02-13,11.04,11.34,11.43,11.00
2014-02-14,11.19,10.77,11.19,10.66
2014-02-17,10.69,10.82,10.93,10.69
2014-02-18,10.93,10.68,11.00,10.63
2014-02-19,10.47,10.77,10.80,10.29
2014-02-20,10.66,10.58,10.87,10.50
2014-02-21,10.55,10.46,10.61,10.45
2014-02-24,10.45,10.29,10.49,10.28
2014-02-25,10.30,10.27,10.39,10.20
2014-02-26,10.27,10.03,10.30,9.99
2014-02-27,10.06,10.08,10.16,10.04
2014-02-28,10.02,10.40,10.52,9.71
2014-03-03,10.32,10.04,10.37,10.04
2014-03-04,10.10,10.57,10.72,10.05
2014-03-05,10.61,10.79,10.87,10.49
2014-03-06,10.80,10.74,11.02,10.63
2014-03-07,10.75,10.90,10.94,10.49
2014-03-10,10.79,10.39,10.85,10.36
2014-03-11,10.39,10.28,10.49,10.24
2014-03-12,10.39,10.48,10.65,10.31
2014-03-13,10.49,10.43,10.53,10.11
2014-03-14,10.45,10.49,10.79,10.37
2014-03-17,10.43,10.97,11.06,10.35
2014-03-18,10.90,10.57,10.90,10.51
2014-03-19,10.53,10.01,10.63,9.71
2014-03-20,9.95,9.83,10.05,9.66
2014-03-21,9.86,9.60,9.87,9.52
2014-03-24,9.61,9.44,9.70,9.16
2014-03-25,9.38,9.83,9.88,9.36
2014-03-26,9.79,9.71,9.89,9.52
2014-03-27,9.81,9.42,9.87,9.41
2014-03-28,9.24,9.17,9.78,9.14
2014-03-31,9.09,8.94,9.17,8.67
2014-04-01,8.99,8.78,9.19,8.74
2014-04-02,8.70,8.69,8.82,8.47
2014-04-03,8.78,9.49,9.53,8.78
2014-04-04,9.44,9.55,9.70,9.26
2014-04-08,9.62,10.21,10.27,9.55
2014-04-09,10.16,10.16,10.29,10.09
2014-04-10,10.11,10.24,10.25,10.10
2014-04-11,10.38,10.42,10.63,10.12
2014-04-14,10.40,10.30,10.44,10.23
2014-04-15,10.34,10.50,10.58,10.34
2014-04-16,10.51,10.32,10.54,10.31
2014-04-17,10.35,10.68,10.68,10.27
2014-04-18,10.62,10.70,10.71,10.51
2014-04-21,10.62,10.64,10.66,10.52
2014-04-22,10.64,10.67,10.71,10.55
2014-04-23,10.65,10.82,10.86,10.57
2014-04-24,10.99,11.11,11.24,10.97
2014-04-25,11.03,11.02,11.14,10.82
2014-04-28,11.01,10.92,11.14,10.88
2014-04-29,10.87,11.02,11.12,10.87
2014-04-30,11.11,11.15,11.21,11.06
2014-05-05,11.14,10.92,11.14,10.75
2014-05-06,11.02,11.12,11.16,11.01
2014-05-07,11.12,12.23,12.23,10.79
2014-05-08,12.48,13.45,13.45,12.20
2014-05-09,13.45,12.24,13.45,12.10
2014-05-12,12.52,11.66,12.64,11.35
2014-05-13,11.38,10.74,11.38,10.50
2014-05-14,10.91,10.59,10.96,10.33
2014-05-15,10.68,10.98,11.64,10.52
2014-05-16,10.41,9.88,10.67,9.88
2014-05-19,10.21,8.89,10.31,8.89
2014-05-20,8.57,9.47,9.64,8.00
2014-05-21,9.57,9.69,9.81,9.43
2014-05-22,9.68,9.59,9.68,9.46
2014-05-23,9.59,10.01,10.07,9.47
2014-05-26,10.05,9.60,10.06,9.57
2014-05-27,9.62,9.67,9.84,9.29
2014-05-28,9.68,9.52,9.74,9.42
2014-05-29,9.75,9.67,9.80,9.58
2014-05-30,9.69,9.65,9.71,9.57
2014-06-03,9.68,9.71,9.85,9.66
2014-06-04,9.72,9.79,9.81,9.66
2014-06-05,9.62,9.54,9.67,9.33
2014-06-06,9.67,9.68,9.89,9.62
2014-06-09,9.62,9.45,9.69,9.34
2014-06-10,9.58,9.67,9.90,9.58
2014-06-11,9.78,9.91,10.02,9.73
2014-06-12,9.88,9.28,9.98,9.27
2014-06-13,9.36,9.73,9.82,9.25
2014-06-16,9.66,9.59,9.87,9.55
2014-06-17,9.61,9.56,9.93,9.51
2014-06-18,9.66,9.96,10.03,9.52
2014-06-19,9.52,10.41,10.61,9.52
2014-06-20,10.50,10.37,10.58,9.84
2014-06-23,9.97,9.49,10.43,9.45
2014-06-24,9.29,9.84,9.88,9.29
2014-06-25,9.88,9.69,10.02,9.65
2014-06-26,9.90,10.26,10.35,9.89
2014-06-27,10.90,10.81,11.30,10.57
2014-06-30,10.66,11.53,11.89,10.60
2014-07-01,11.31,11.44,11.78,11.25
2014-07-02,11.36,11.38,11.75,11.25
2014-07-03,11.30,10.97,11.50,10.95
2014-07-04,10.95,11.12,11.22,10.94
2014-07-07,11.10,11.10,11.33,10.84
2014-07-08,11.00,11.38,11.49,10.94
2014-07-09,11.23,11.05,11.50,10.98
2014-07-10,10.95,10.83,11.16,10.78
2014-07-11,10.83,11.08,11.09,10.82
2014-07-14,11.02,10.99,11.22,10.91
2014-07-15,10.89,10.77,10.95,10.72
2014-07-16,10.76,11.03,11.09,10.74
2014-07-17,10.99,11.34,11.39,10.89
2014-07-18,11.33,11.72,11.84,11.33
2014-07-21,11.75,11.33,11.81,11.23
2014-07-22,11.23,11.35,11.58,11.06
2014-07-23,11.36,12.05,12.11,11.15
2014-07-24,12.12,12.00,12.17,12.00
2014-07-25,12.01,11.52,12.01,11.42
2014-07-28,11.52,11.54,11.65,11.45
2014-07-29,11.60,11.75,11.80,11.36
2014-07-30,11.68,11.35,11.69,11.33
2014-07-31,11.27,11.13,11.34,10.86
2014-08-01,11.05,11.02,11.27,10.99
2014-08-04,11.05,10.85,11.05,10.70
2014-08-05,10.82,11.25,11.28,10.71
2014-08-06,11.23,11.48,11.51,11.16
2014-08-07,10.95,12.39,12.63,10.85
2014-08-08,12.28,11.89,12.44,11.74
2014-08-11,11.90,12.61,13.04,11.54
2014-08-12,12.65,12.98,13.04,12.25
2014-08-13,12.71,12.55,12.96,12.43
2014-08-14,13.01,13.80,13.80,13.01
2014-08-15,14.28,13.65,14.28,13.35
2014-08-18,13.50,13.55,13.87,13.34
2014-08-19,13.48,13.48,13.68,13.19
2014-08-20,13.51,13.22,13.85,13.13
2014-08-21,13.22,13.22,13.39,13.03
2014-08-22,13.46,13.20,13.55,13.04
2014-08-25,13.28,13.56,13.63,13.24
2014-08-26,13.61,13.47,13.70,13.38
2014-08-27,13.53,13.16,13.54,13.03
2014-08-28,12.89,12.21,13.38,12.17
2014-08-29,12.51,12.49,12.63,11.91
2014-09-01,12.75,12.50,12.80,12.33
2014-09-02,12.25,11.24,12.27,11.24
2014-09-03,11.05,10.92,11.28,10.19
2014-09-04,10.94,11.09,11.12,10.86
2014-09-05,11.24,11.04,11.31,10.92
2014-09-09,11.00,10.80,11.01,10.76
2014-09-10,10.76,10.58,10.84,10.43
2014-09-11,10.59,10.04,10.62,10.02
2014-09-12,9.96,9.80,9.96,9.68
2014-09-15,9.80,10.00,10.03,9.74
2014-09-16,9.93,10.03,10.05,9.85
2014-09-17,9.96,10.16,10.27,9.90
2014-09-18,10.10,9.99,10.24,9.98
2014-09-19,9.98,9.94,10.11,9.80
2014-09-22,9.95,9.86,10.03,9.74
2014-09-23,9.83,9.97,10.10,9.77
2014-09-24,10.01,9.54,10.05,9.53
2014-09-25,9.61,9.71,9.78,9.56
2014-09-26,9.48,9.01,9.51,9.01
2014-09-29,9.02,9.10,9.40,8.99
2014-09-30,9.18,9.34,9.87,9.03
2014-10-08,9.18,9.50,9.73,9.09
2014-10-09,9.41,9.13,9.75,9.06
2014-10-10,8.21,8.21,8.41,8.21
2014-10-13,8.07,7.91,8.20,7.74
2014-10-14,7.90,8.04,8.04,7.79
2014-10-15,8.03,7.87,8.05,7.84
2014-10-16,7.93,7.83,7.93,7.62
2014-10-17,7.84,7.96,8.05,7.83
2014-10-20,7.97,8.14,8.28,7.94
2014-10-21,8.28,7.94,8.31,7.93
2014-10-22,7.90,7.86,7.94,7.77
2014-10-23,7.86,7.53,7.89,7.46
2014-10-24,7.55,7.42,7.55,7.33
2014-10-27,7.37,7.22,7.40,7.21
2014-10-28,7.22,7.10,7.26,7.09
2014-10-29,7.10,7.15,7.21,7.07
2014-10-30,7.16,7.17,7.20,7.13
2014-10-31,7.20,7.18,7.24,7.14
2014-11-03,7.16,6.84,7.21,6.84
2014-11-04,6.85,6.78,6.94,6.74
2014-11-05,6.79,6.78,6.90,6.76
2014-11-06,6.70,6.44,6.70,6.39
2014-11-07,6.27,5.80,6.38,5.80
2014-11-10,5.60,5.22,5.64,5.22
2014-11-11,4.75,4.84,5.52,4.75
2014-11-12,5.05,5.32,5.32,5.02
2014-11-13,5.21,5.85,5.85,5.14
2014-11-14,5.82,5.92,5.93,5.79
2014-11-17,5.95,6.11,6.12,5.91
2014-11-18,6.07,5.86,6.07,5.82
2014-11-19,5.80,5.54,5.88,5.44
2014-11-20,5.55,5.42,5.55,5.38
2014-11-21,5.43,5.39,5.48,5.37
2014-11-24,5.39,5.25,5.42,5.25
2014-11-25,5.22,5.31,5.32,5.22
2014-11-26,5.32,5.51,5.54,5.25
2014-11-27,5.51,5.77,6.07,5.47
2014-11-28,5.78,5.84,5.84,5.61
2014-12-01,5.84,6.00,6.06,5.82
2014-12-02,5.98,5.81,6.00,5.70
2014-12-03,5.77,5.72,5.90,5.70
2014-12-04,5.68,5.36,5.68,5.36
2014-12-05,5.76,5.89,5.89,5.67
2014-12-08,5.90,5.79,5.96,5.76
2014-12-09,5.74,5.83,6.08,5.61
2014-12-10,5.63,5.60,5.69,5.46
2014-12-11,5.59,5.37,5.71,5.36
2014-12-12,5.31,5.36,5.44,5.27
2014-12-15,5.32,5.33,5.41,5.30
2014-12-16,5.34,5.33,5.37,5.28
2014-12-17,5.33,5.22,5.34,5.21
2014-12-18,5.22,5.19,5.26,5.17
2014-12-19,5.14,5.16,5.28,5.12
2014-12-22,5.15,5.42,5.46,5.14
2014-12-23,5.46,5.64,5.82,5.40
2014-12-24,5.60,5.49,5.66,5.48
2014-12-25,5.47,5.70,5.77,5.46
2014-12-26,5.70,5.66,5.76,5.63
2014-12-29,5.68,5.74,5.76,5.67
2014-12-30,5.77,5.79,5.80,5.72
2014-12-31,5.78,5.90,5.95,5.75
2015-01-05,5.83,5.75,5.84,5.71
2015-01-06,5.93,6.25,6.29,5.89
2015-01-07,6.27,6.50,6.64,6.20
2015-01-08,6.53,6.62,6.79,6.53
2015-01-09,6.67,7.19,7.28,6.67
2015-01-12,7.06,7.17,7.28,6.83
2015-01-13,7.20,7.35,7.41,7.11
2015-01-14,7.34,7.53,7.69,7.34
2015-01-15,7.51,7.49,7.64,7.42
2015-01-16,7.48,7.66,7.73,7.45
2015-01-19,7.71,7.70,7.83,7.52
2015-01-20,7.66,7.81,7.87,7.66
2015-01-21,7.73,7.91,8.04,7.68
2015-01-22,7.83,7.89,8.07,7.81
2015-01-23,7.90,7.98,8.02,7.78
2015-01-26,7.89,7.87,7.94,7.72
2015-01-27,7.90,7.86,7.97,7.83
2015-01-28,7.86,7.84,7.89,7.80
2015-01-29,7.84,8.03,8.03,7.82
2015-01-30,8.05,7.99,8.12,7.96
2015-02-02,7.96,7.76,8.00,7.74
2015-02-03,7.77,7.65,7.83,7.64
2015-02-04,7.64,7.60,7.71,7.52
2015-02-05,7.63,7.68,7.68,7.56
2015-02-06,7.69,7.53,7.71,7.53
2015-02-09,7.55,7.55,7.58,7.49
2015-02-10,7.53,7.50,7.57,7.37
2015-02-11,7.46,7.38,7.54,7.34
2015-02-12,7.34,7.53,7.53,7.32
2015-02-13,7.54,7.42,7.56,7.39
2015-02-16,7.42,7.40,7.45,7.35
2015-02-17,7.45,7.53,7.59,7.38
2015-02-25,7.64,7.44,7.72,7.41
2015-02-26,7.31,7.39,7.43,7.14
2015-02-27,7.37,7.29,7.41,7.25
2015-03-02,7.33,7.28,7.38,7.26
2015-03-03,7.32,7.64,7.76,7.28
2015-03-04,7.69,7.62,7.80,7.54
2015-03-05,7.48,7.47,7.50,7.31
2015-03-06,7.50,7.25,7.54,7.24
2015-03-09,7.22,7.38,7.51,7.22
2015-03-10,7.49,7.86,8.09,7.20
2015-03-11,7.75,7.88,8.40,7.63
2015-03-12,7.96,8.67,8.67,7.89
2015-03-13,9.12,8.89,9.33,8.49
2015-03-16,8.60,8.37,8.79,8.24
2015-03-17,8.38,8.31,8.69,8.22
2015-03-18,8.30,8.31,8.44,8.13
2015-03-19,8.32,8.67,8.70,8.29
2015-03-20,8.58,8.97,9.13,8.58
2015-03-23,8.93,9.59,9.67,8.92
2015-03-24,9.48,9.48,9.65,9.43
2015-03-25,9.49,9.96,9.96,9.49
2015-03-26,9.88,9.86,10.02,9.82
2015-03-27,9.87,10.04,10.05,9.80
2015-03-30,10.03,9.44,10.09,9.43
2015-03-31,9.39,8.49,9.41,8.49
2015-04-01,8.50,8.23,8.64,8.02
2015-04-02,8.18,7.41,8.20,7.41
2015-04-03,7.41,7.63,7.76,7.07
2015-04-07,7.61,8.14,8.17,7.55
2015-04-08,8.14,8.15,8.21,8.11
2015-04-09,8.15,8.31,8.31,8.15
2015-04-10,8.25,8.25,8.28,8.17
2015-04-13,8.21,8.53,8.59,8.21
2015-04-14,8.35,8.70,8.97,8.25
2015-04-15,8.65,8.49,8.75,8.43
2015-04-16,8.50,8.55,8.97,8.47
2015-04-17,8.58,8.71,8.73,8.23
2015-04-20,8.75,8.95,9.01,8.61
2015-04-21,8.93,8.93,9.22,8.79
2015-04-22,8.94,8.85,8.99,8.85
2015-04-23,8.89,9.13,9.13,8.86
2015-04-24,9.21,10.04,10.04,9.12
2015-04-27,10.45,10.84,11.04,10.34
2015-04-28,10.54,10.20,10.71,10.17
2015-04-29,10.20,11.22,11.22,10.18
2015-04-30,11.60,11.77,12.00,11.44
2015-05-04,11.67,12.18,12.87,11.55
2015-05-05,12.05,12.42,12.66,11.93
2015-05-06,12.33,12.44,12.58,12.02
2015-05-07,12.29,12.33,12.64,11.90
2015-05-08,11.75,12.04,12.34,11.58
2015-05-11,12.23,12.22,12.80,12.09
2015-05-12,12.02,11.96,12.27,11.57
2015-05-13,12.33,13.16,13.16,12.33
2015-05-14,13.39,13.51,13.70,13.28
2015-05-15,13.53,13.15,13.58,13.11
2015-05-18,12.58,12.99,13.19,12.58
2015-05-19,13.19,14.29,14.29,13.17
2015-05-20,14.83,14.87,15.03,14.35
2015-05-21,14.93,14.92,15.01,14.68
2015-05-22,14.82,14.62,14.96,14.57
2015-05-25,14.58,14.36,14.72,14.13
2015-05-26,14.36,14.62,14.79,14.36
2015-05-27,14.74,14.65,14.94,14.53
2015-05-28,14.67,14.28,14.70,14.16
2015-05-29,14.28,13.67,14.43,13.66
2015-06-01,13.73,12.91,14.00,12.64
2015-06-02,12.86,13.51,13.55,12.86
2015-06-03,13.53,13.72,13.92,13.52
2015-06-04,13.83,13.88,14.04,13.61
2015-06-05,13.94,13.34,13.94,13.32
2015-06-08,13.26,13.08,13.34,12.92
2015-06-09,13.08,13.64,13.65,12.79
2015-06-10,13.51,13.34,13.60,13.22
2015-06-11,13.41,13.41,13.49,13.31
2015-06-12,13.35,13.14,13.39,13.08
2015-06-15,13.10,13.17,13.24,13.08
2015-06-16,13.22,13.22,13.34,13.17
2015-06-17,13.23,13.10,13.30,13.04
2015-06-18,12.78,12.45,12.85,12.03
2015-06-19,12.60,11.43,12.76,11.22
2015-06-23,11.04,11.99,12.02,10.67
2015-06-24,11.86,11.84,12.59,11.75
2015-06-25,11.47,10.65,11.68,10.65
2015-06-26,10.56,10.27,10.58,10.20
2015-06-29,10.21,10.16,10.52,9.89
2015-06-30,10.24,10.96,11.10,10.10
2015-07-01,10.78,10.98,11.17,10.74
2015-07-02,10.84,11.24,11.30,10.75
2015-07-03,11.23,11.39,11.58,11.15
2015-07-06,11.39,11.60,11.70,11.31
2015-07-07,11.58,11.34,11.58,11.21
2015-07-08,11.26,11.82,11.95,11.08
2015-07-09,11.72,12.10,12.30,11.62
2015-07-10,12.09,12.14,12.19,11.97
2015-07-13,12.13,12.10,12.24,12.06
2015-07-14,12.08,12.12,12.32,12.05
2015-07-15,12.18,11.95,12.26,11.93
2015-07-16,11.96,11.56,12.03,11.50
2015-07-17,11.59,11.79,11.82,11.57
2015-07-20,11.73,11.64,11.77,11.56
2015-07-21,11.64,11.92,11.92,11.57
2015-07-22,11.85,11.98,12.05,11.85
2015-07-23,11.99,11.93,12.00,11.85
2015-07-24,11.94,12.48,12.60,11.89
2015-07-27,12.25,12.39,12.39,12.10
2015-07-28,12.41,12.38,12.63,12.31
2015-07-29,12.33,12.20,12.38,12.18
2015-07-30,12.17,12.25,12.47,12.15
2015-07-31,12.10,11.97,12.20,11.55
2015-08-03,11.91,11.40,12.00,11.23
2015-08-04,11.38,11.23,11.53,11.18
2015-08-05,11.23,10.86,11.23,10.81
2015-08-06,10.87,11.07,11.38,10.86
2015-08-07,10.97,11.19,11.19,10.97
2015-08-10,11.15,10.77,11.15,10.70
2015-08-11,10.70,10.74,10.88,10.66
2015-08-12,10.65,11.02,11.10,10.62
2015-08-13,11.05,11.09,11.30,11.05
2015-08-14,10.35,9.98,10.50,9.98
2015-08-17,8.99,8.99,9.11,8.99
2015-08-18,8.86,8.09,9.04,8.09
2015-08-19,8.25,8.29,8.46,7.40
2015-08-20,8.41,9.10,9.12,8.25
2015-08-21,9.06,9.09,9.24,9.04
2015-08-24,9.00,9.16,9.20,9.00
2015-08-25,9.16,9.69,9.87,9.11
2015-08-26,9.65,9.43,9.65,9.39
2015-08-27,9.45,9.54,9.61,9.29
2015-08-28,9.54,9.61,9.78,9.48
2015-08-31,9.58,8.70,9.68,8.69
2015-09-01,8.72,8.76,8.86,8.63
2015-09-02,8.77,8.62,8.79,8.57
2015-09-07,8.60,8.75,8.85,8.59
2015-09-08,8.75,7.88,8.78,7.88
2015-09-09,7.88,7.78,7.93,7.61
2015-09-10,7.77,7.67,7.82,7.61
2015-09-11,7.65,7.72,7.80,7.46
2015-09-14,7.67,7.78,7.81,7.65
2015-09-15,8.00,8.56,8.56,7.94
2015-09-16,8.24,8.50,8.81,8.23
2015-09-17,8.57,8.81,9.08,8.45
2015-09-18,8.84,7.93,8.84,7.93
2015-09-21,7.56,7.31,7.97,7.20
2015-09-22,7.31,7.09,7.32,7.09
2015-09-23,7.03,7.10,7.17,7.00
2015-09-24,7.12,6.97,7.15,6.97
2015-09-25,6.98,7.02,7.03,6.92
2015-09-28,7.03,6.93,7.03,6.91
2015-09-29,7.00,7.12,7.19,6.93
2015-09-30,7.13,7.22,7.24,7.05
2015-10-08,7.20,7.31,7.33,7.18
2015-10-09,7.32,7.60,7.68,7.27
2015-10-12,7.64,7.49,7.66,7.37
2015-10-13,7.44,7.31,7.45,7.24
2015-10-14,7.28,7.33,7.38,7.24
2015-10-15,7.34,7.23,7.34,7.16
2015-10-16,7.24,7.42,7.48,7.22
2015-10-19,7.37,7.31,7.41,7.24
2015-10-20,7.38,7.41,7.46,7.27
2015-10-21,7.43,7.28,7.43,7.04
2015-10-22,7.26,7.61,7.63,7.21
2015-10-23,7.62,7.49,7.65,7.44
2015-10-26,7.53,7.53,7.66,7.48
2015-10-27,7.49,7.32,7.56,7.29
2015-10-28,7.18,7.20,7.27,6.88
2015-10-29,7.29,7.29,7.41,7.17
2015-10-30,7.26,7.36,7.66,7.16
2015-11-02,7.27,7.16,7.43,7.00
2015-11-03,7.07,7.31,7.33,6.99
2015-11-04,7.22,7.34,7.43,7.16
2015-11-05,7.25,7.05,7.26,7.04
2015-11-06,7.11,7.02,7.19,6.93
2015-11-09,7.04,6.77,7.15,6.71
2015-11-10,6.80,6.78,6.90,6.55
2015-11-11,6.73,6.92,7.03,6.68
2015-11-12,6.93,6.27,6.96,6.23
2015-11-13,6.23,6.25,6.33,6.14
2015-11-16,6.26,6.49,6.50,6.17
2015-11-17,6.46,6.55,6.63,6.46
2015-11-18,6.56,6.45,6.58,6.41
2015-11-19,6.44,6.26,6.47,6.19
2015-11-20,6.24,6.36,6.38,6.23
2015-11-23,6.35,6.20,6.36,6.19
2015-11-24,6.20,6.12,6.26,6.08
2015-11-25,6.14,6.15,6.19,6.11
2015-11-26,6.17,6.28,6.30,6.13
2015-11-27,6.30,6.22,6.30,6.21
2015-11-30,6.21,6.08,6.23,6.07
2015-12-01,6.10,6.20,6.22,5.98
2015-12-02,6.22,6.31,6.37,6.19
2015-12-03,6.33,6.33,6.45,6.25
2015-12-04,6.34,6.33,6.40,6.26
2015-12-07,6.36,6.45,6.49,6.34
2015-12-08,6.43,6.33,6.43,6.18
2015-12-09,6.34,6.05,6.35,6.04
2015-12-10,6.07,5.70,6.11,5.66
2015-12-11,5.63,5.70,5.85,5.52
2015-12-14,5.72,5.60,5.75,5.59
2015-12-15,5.52,6.01,6.13,5.52
2015-12-16,5.99,6.39,6.57,5.94
2015-12-17,6.45,6.78,6.83,6.38
2015-12-18,6.65,6.55,6.73,6.55
2015-12-21,6.54,6.79,6.79,6.54
2015-12-22,6.70,6.59,6.72,6.54
2015-12-23,6.61,6.68,6.75,6.61
2015-12-24,6.69,6.71,6.73,6.64
2015-12-25,6.72,6.76,6.84,6.71
2015-12-28,6.77,6.70,6.83,6.70
2015-12-29,6.74,6.67,6.74,6.66
2015-12-30,6.67,6.75,6.76,6.65
2015-12-31,6.78,6.82,6.90,6.75
2016-01-04,6.83,6.72,6.87,6.71
2016-01-05,6.73,6.91,6.94,6.70
2016-01-06,6.91,7.08,7.24,6.88
2016-01-07,7.03,6.91,7.07,6.84
2016-01-08,6.87,7.22,7.23,6.84
2016-01-11,7.30,7.27,7.34,7.05
2016-01-12,7.39,7.03,7.39,7.02
2016-01-13,7.07,7.01,7.08,6.81
2016-01-14,7.07,7.05,7.24,7.05
2016-01-15,6.99,6.99,7.16,6.95
2016-01-18,7.08,7.24,7.39,7.07
2016-01-19,7.18,7.49,7.73,7.16
2016-01-20,7.36,7.68,7.79,7.32
2016-01-21,7.67,7.61,7.67,7.47
2016-01-22,7.51,7.40,7.84,7.33
2016-01-25,7.36,6.98,7.41,6.96
2016-01-26,6.93,7.14,7.14,6.80
2016-01-27,7.03,7.42,7.50,7.00
2016-01-28,7.41,7.35,7.51,7.33
2016-01-29,7.43,7.49,7.66,7.39
2016-02-01,7.53,7.60,7.66,7.35
2016-02-02,7.71,7.36,7.75,7.33
2016-02-03,7.44,7.53,7.54,7.38
2016-02-04,7.53,7.45,7.53,7.38
2016-02-05,7.39,7.39,7.48,7.35
2016-02-15,7.37,7.27,7.37,7.14
2016-02-16,7.26,7.16,7.34,7.10
2016-02-17,7.10,7.25,7.42,7.08
2016-02-18,7.42,7.53,7.71,7.42
2016-02-19,7.49,7.67,7.75,7.47
2016-02-22,7.77,7.87,8.04,7.69
2016-02-23,7.89,8.05,8.09,7.75
2016-02-24,7.98,8.06,8.22,7.95
2016-02-25,8.04,8.19,8.21,7.86
2016-02-26,8.18,7.97,8.33,7.93
2016-02-29,7.96,7.44,7.96,7.27
2016-03-01,7.33,7.54,7.54,7.26
2016-03-02,7.50,7.51,7.70,7.50
2016-03-03,7.48,7.45,7.54,7.37
2016-03-04,7.42,7.42,7.49,7.38
2016-03-07,7.45,7.41,7.47,7.36
2016-03-08,7.41,7.52,7.59,7.37
2016-03-09,7.51,7.68,7.68,7.36
2016-03-10,7.68,7.62,7.74,7.58
2016-03-11,7.60,7.52,7.68,7.51
2016-03-14,7.52,7.62,7.73,7.47
2016-03-15,7.62,7.62,7.65,7.56
2016-03-16,7.55,7.20,7.58,7.13
2016-03-17,7.25,7.34,7.39,7.17
2016-03-18,7.30,7.46,7.65,7.21
2016-03-21,7.42,7.59,7.61,7.37
2016-03-22,7.59,7.60,7.65,7.32
2016-03-23,7.60,7.83,7.88,7.59
2016-03-24,7.88,7.82,7.92,7.77
2016-03-25,7.80,7.82,7.86,7.76
2016-03-28,7.87,7.83,7.92,7.78
2016-03-29,7.84,8.29,8.34,7.83
2016-03-30,8.30,8.34,8.45,8.27
2016-03-31,8.31,8.27,8.45,8.21
2016-04-01,8.18,7.45,8.18,7.45
2016-04-05,7.44,7.53,7.67,7.43
2016-04-06,7.50,7.20,7.57,7.17
2016-04-07,7.26,7.29,7.35,7.22
2016-04-08,7.28,7.30,7.31,7.25
2016-04-11,7.31,7.41,7.44,7.25
2016-04-12,7.37,7.31,7.40,7.24
2016-04-13,7.26,7.28,7.34,7.24
2016-04-14,7.29,7.46,7.52,7.01
2016-04-15,7.41,7.31,7.52,7.30
2016-04-18,7.31,7.13,7.31,6.96
2016-04-19,7.02,6.73,7.12,6.49
2016-04-20,6.73,6.72,6.85,6.63
2016-04-21,6.72,6.59,6.75,6.56
2016-04-22,6.54,6.83,6.91,6.52
2016-04-25,6.99,7.11,7.11,6.78
2016-04-26,7.13,6.92,7.13,6.80
2016-04-27,6.88,6.86,6.99,6.63
2016-04-28,6.89,6.71,6.95,6.68
2016-04-29,6.71,6.86,7.05,6.71
2016-05-03,6.86,6.17,6.94,6.17
2016-05-04,5.81,5.87,6.03,5.55
2016-05-05,5.87,6.01,6.08,5.70
2016-05-06,5.98,6.22,6.31,5.89
2016-05-09,6.17,6.21,6.31,6.13
2016-05-10,6.22,5.87,6.23,5.70
2016-05-11,5.86,5.72,5.89,5.42
2016-05-12,5.70,6.22,6.29,5.66
2016-05-13,6.21,6.26,6.30,6.08
2016-05-16,6.19,6.13,6.21,6.11
2016-05-17,6.19,6.32,6.35,6.17
2016-05-18,6.66,6.69,6.93,6.56
2016-05-19,6.58,6.64,6.76,6.57
2016-05-20,6.64,6.71,6.79,6.61
2016-05-23,6.72,6.64,6.72,6.60
2016-05-24,6.64,6.70,6.72,6.63
2016-05-25,6.71,6.74,6.77,6.68
2016-05-26,6.72,6.68,6.73,6.63
2016-05-27,6.69,6.78,6.80,6.64
2016-05-30,6.78,6.77,6.83,6.71
2016-05-31,6.79,6.73,6.82,6.72
2016-06-01,6.78,6.83,6.92,6.73
2016-06-02,6.81,6.77,6.81,6.73
2016-06-03,6.73,6.77,6.97,6.61
2016-06-06,6.81,7.14,7.33,6.65
2016-06-07,7.14,7.13,7.37,6.70
2016-06-08,7.16,7.31,7.57,7.06
2016-06-13,7.15,6.58,7.15,6.58
2016-06-14,6.61,6.52,6.94,6.35
2016-06-15,6.63,6.26,6.66,6.01
2016-06-16,6.22,6.69,6.89,6.17
2016-06-17,6.65,6.67,6.93,6.62
2016-06-20,6.63,6.92,7.25,6.48
2016-06-21,6.96,6.92,6.98,6.85
2016-06-22,6.93,6.93,7.06,6.85
2016-06-23,6.96,6.97,7.06,6.93
2016-06-24,6.98,6.72,6.98,6.68
2016-06-27,6.72,6.74,6.75,6.65
2016-06-28,6.84,7.07,7.12,6.73
2016-06-29,6.98,6.87,7.31,6.72
2016-06-30,6.87,7.28,7.48,6.87
2016-07-01,7.38,7.57,7.70,7.33
2016-07-04,7.46,7.51,7.56,7.32
2016-07-05,7.56,7.29,7.60,7.28
2016-07-06,7.24,7.09,7.31,6.98
2016-07-07,7.05,7.13,7.22,7.05
2016-07-08,7.13,7.27,7.32,7.09
2016-07-11,7.29,7.44,7.45,7.25
2016-07-12,7.39,7.50,7.75,7.37
2016-07-13,7.55,7.42,7.57,7.38
2016-07-14,7.47,7.37,7.50,7.25
2016-07-15,7.36,7.65,7.77,7.34
2016-07-18,7.64,7.71,7.87,7.56
2016-07-19,7.67,7.76,7.86,7.55
2016-07-20,7.77,7.84,8.02,7.69
2016-07-21,7.96,7.71,8.05,7.71
2016-07-22,7.70,7.31,7.70,7.29
2016-07-25,7.29,7.53,7.62,7.24
2016-07-26,7.48,7.44,7.59,7.39
2016-07-27,7.40,7.50,7.59,7.37
2016-07-28,7.71,7.66,7.84,7.63
2016-07-29,7.66,7.54,7.66,7.50
2016-08-01,7.59,7.61,7.76,7.56
2016-08-02,7.36,6.85,7.42,6.85
2016-08-03,6.95,6.63,7.15,6.17
2016-08-04,6.58,5.96,6.60,5.96
2016-08-05,5.97,6.23,6.40,5.93
2016-08-08,6.32,5.89,6.36,5.85
2016-08-09,5.97,5.98,6.01,5.88
2016-08-10,5.93,5.89,5.98,5.82
2016-08-11,5.95,5.92,5.97,5.86
2016-08-12,5.90,6.09,6.10,5.90
2016-08-15,6.10,6.03,6.10,5.99
2016-08-16,6.02,5.87,6.08,5.85
2016-08-17,5.90,5.94,5.98,5.84
2016-08-18,5.95,5.96,6.04,5.93
2016-08-19,5.98,5.83,5.99,5.81
2016-08-22,5.82,5.86,5.86,5.80
2016-08-23,5.82,5.83,5.87,5.59
2016-08-24,6.03,6.10,6.32,6.00
2016-08-25,6.71,6.36,6.71,6.28
2016-08-26,6.43,6.36,6.55,6.28
2016-08-29,6.27,6.31,6.40,6.16
2016-08-30,6.32,6.58,6.84,6.32
2016-08-31,6.50,6.91,7.03,6.47
2016-09-01,6.86,6.88,7.15,6.84
2016-09-02,6.82,6.94,7.18,6.82
2016-09-05,6.87,7.15,7.42,6.85
2016-09-06,7.15,6.97,7.16,6.97
2016-09-07,6.94,6.85,6.95,6.75
2016-09-08,6.85,6.95,6.97,6.83
2016-09-09,6.84,6.64,6.85,6.63
2016-09-12,6.57,6.65,6.73,6.55
2016-09-13,6.56,6.48,6.62,6.47
2016-09-14,6.46,6.37,6.53,6.36
2016-09-19,6.38,6.38,6.45,6.36
2016-09-20,6.36,5.86,6.40,5.82
2016-09-21,5.90,5.60,5.96,5.59
2016-09-22,5.56,5.46,5.65,5.45
2016-09-23,5.41,5.33,5.47,5.12
2016-09-26,5.25,5.27,5.32,5.05
2016-09-27,5.24,5.38,5.40,5.22
2016-09-28,5.40,5.16,5.42,5.09
2016-09-29,5.10,4.70,5.11,4.66
2016-09-30,4.65,4.60,4.86,4.53
2016-10-10,4.62,4.84,4.88,4.55
2016-10-11,4.84,5.17,5.17,4.84
2016-10-12,5.14,5.15,5.23,5.06
2016-10-13,5.24,5.19,5.26,5.09
2016-10-14,5.16,5.09,5.16,5.01
2016-10-17,5.10,4.90,5.15,4.88
2016-10-18,4.91,4.91,4.95,4.88
2016-10-19,4.92,4.80,4.95,4.80
2016-10-20,4.80,4.88,5.00,4.80
2016-10-21,4.84,4.92,5.05,4.83
2016-10-24,4.91,4.98,5.08,4.90
2016-10-25,4.79,4.53,4.84,4.52
2016-10-26,4.58,4.59,4.61,4.54
2016-10-27,4.64,4.52,4.65,4.50
2016-10-28,4.51,4.39,4.51,4.35
2016-10-31,4.40,4.37,4.43,4.36
2016-11-01,4.36,4.43,4.44,4.36
2016-11-02,4.45,4.64,4.65,4.43
2016-11-03,4.63,4.66,4.70,4.57
2016-11-04,4.68,4.62,4.69,4.60
2016-11-07,4.61,4.60,4.65,4.55
2016-11-08,4.49,4.16,4.52,4.15
2016-11-09,4.15,4.21,4.25,4.13
2016-11-10,4.23,4.19,4.27,4.14
2016-11-11,4.21,4.27,4.28,4.19
2016-11-14,4.28,4.26,4.32,4.24
2016-11-15,4.27,4.15,4.27,4.10
2016-11-16,4.14,4.23,4.25,4.12
2016-11-17,4.27,4.39,4.43,4.18
2016-11-18,4.38,4.42,4.53,4.36
2016-11-21,4.45,4.50,4.54,4.40
2016-11-22,4.48,4.30,4.54,4.30
2016-11-23,4.27,4.22,4.30,4.11
2016-11-24,4.18,4.18,4.24,4.15
2016-11-25,4.21,4.13,4.26,4.12
2016-11-28,4.14,4.14,4.23,4.07
2016-11-29,4.12,4.04,4.16,4.02
2016-11-30,4.05,4.07,4.11,4.03
2016-12-01,4.07,4.10,4.12,4.06
2016-12-02,4.10,4.08,4.12,4.06
2016-12-05,4.05,3.96,4.10,3.93
2016-12-06,3.95,3.91,3.98,3.87
2016-12-07,3.91,3.95,3.96,3.90
2016-12-08,3.95,3.99,3.99,3.92
2016-12-09,4.00,4.05,4.09,3.99
2016-12-12,4.07,4.10,4.10,4.01
2016-12-13,4.10,4.05,4.14,4.04
2016-12-14,4.03,3.98,4.03,3.97
2016-12-15,4.00,4.07,4.09,3.97
2016-12-16,4.07,4.05,4.10,4.01
2016-12-19,4.04,3.99,4.07,3.98
2016-12-20,3.99,3.98,4.01,3.97
2016-12-21,3.98,3.93,4.01,3.93
2016-12-22,3.92,3.89,3.93,3.82
2016-12-23,3.88,3.86,3.90,3.84
2016-12-26,3.84,3.71,3.86,3.69
2016-12-27,3.71,3.74,3.75,3.70
2016-12-28,3.73,3.66,3.73,3.65
2016-12-29,3.63,3.58,3.68,3.57
2016-12-30,3.58,3.42,3.59,3.38
2017-01-03,3.43,3.41,3.43,3.29
2017-01-04,3.40,3.44,3.48,3.39
2017-01-05,3.46,3.53,3.57,3.44
2017-01-06,3.53,3.60,3.62,3.47
2017-01-09,3.58,3.61,3.67,3.50
2017-01-10,3.58,3.63,3.67,3.56
2017-01-11,3.67,3.63,3.67,3.59
2017-01-12,3.64,3.78,3.81,3.63
2017-01-13,3.61,3.40,3.70,3.40
2017-01-16,3.28,3.49,3.50,3.25
2017-01-17,3.54,3.67,3.68,3.51
2017-01-18,3.58,3.71,3.76,3.57
2017-01-19,3.71,3.73,3.79,3.67
2017-01-20,3.73,3.78,3.86,3.71
2017-01-23,3.73,3.64,3.75,3.60
2017-01-24,3.63,3.67,3.73,3.62
2017-01-25,3.67,3.59,3.71,3.58
2017-01-26,3.61,3.71,3.71,3.53
2017-02-03,3.53,3.61,3.68,3.52
2017-02-06,3.65,3.74,3.76,3.65
2017-02-07,3.75,3.72,3.79,3.69
2017-02-08,3.72,3.70,3.75,3.69
2017-02-09,3.73,3.79,3.81,3.73
2017-02-10,3.84,3.90,3.96,3.81
2017-02-13,3.91,3.84,3.91,3.84
2017-02-14,3.81,3.84,3.89,3.81
2017-02-15,3.84,3.87,3.90,3.83
2017-02-16,3.90,3.89,3.96,3.88
2017-02-17,3.88,3.81,3.89,3.80
2017-02-20,3.80,3.78,3.82,3.77
2017-02-21,3.77,3.81,3.81,3.73
2017-02-22,3.78,3.80,3.82,3.77
2017-02-23,3.73,3.51,3.73,3.50
2017-02-24,3.48,3.16,3.48,3.16
2017-02-27,3.34,3.31,3.40,3.28
2017-02-28,3.28,3.30,3.34,3.24
2017-03-01,3.30,3.31,3.36,3.29
2017-03-02,3.32,3.30,3.33,3.29
2017-03-03,3.30,3.32,3.33,3.26
2017-03-06,3.32,3.30,3.39,3.28
2017-03-07,3.29,3.33,3.34,3.25
2017-03-08,3.30,3.34,3.36,3.29
2017-03-09,3.34,3.18,3.34,3.18
2017-03-10,3.12,2.94,3.16,2.88
2017-03-13,2.95,3.16,3.21,2.93
2017-03-14,3.12,3.08,3.15,2.98
2017-03-15,3.08,3.23,3.32,3.07
2017-03-16,3.17,3.23,3.26,3.12
2017-03-17,3.27,3.23,3.33,3.21
2017-03-20,3.23,3.26,3.29,3.18
2017-03-21,3.27,3.22,3.31,3.19
2017-03-22,3.24,3.09,3.27,3.06
2017-03-23,3.10,3.06,3.10,3.01
2017-03-24,3.37,3.37,3.37,3.37
2017-03-27,3.71,3.71,3.71,3.71
2017-03-28,4.08,4.08,4.08,4.08
2017-03-29,4.49,4.49,4.49,4.49
2017-03-30,4.94,4.94,4.94,4.94
2017-03-31,4.94,5.44,5.44,4.94
2017-04-05,5.46,5.82,5.97,5.39
2017-04-06,5.69,5.55,5.79,5.44
2017-04-07,5.58,5.93,6.07,5.54
2017-04-10,5.86,6.04,6.09,5.73
2017-04-11,6.09,6.17,6.19,6.05
2017-04-12,6.12,6.02,6.20,5.98
2017-04-13,6.11,6.04,6.21,6.02
2017-04-14,6.02,6.21,6.21,5.84
2017-04-17,6.21,6.11,6.21,6.08
2017-04-18,6.11,5.79,6.40,5.61
2017-04-19,5.67,5.63,5.90,5.56
2017-04-20,5.64,5.65,5.75,5.51
2017-04-21,5.67,5.44,5.75,5.39
2017-04-24,5.44,5.42,5.49,5.20
2017-04-25,5.42,5.31,5.44,5.28
2017-04-26,5.30,5.32,5.38,5.26
2017-04-27,5.35,5.43,5.44,5.29
2017-04-28,5.42,5.43,5.49,5.36
2017-05-02,5.43,5.44,5.50,5.39
2017-05-03,5.39,5.37,5.50,5.25
2017-05-04,5.40,5.43,5.52,5.27
2017-05-05,5.47,5.61,5.80,5.36
2017-05-08,5.61,5.81,5.84,5.54
2017-05-09,5.81,5.83,6.02,5.67
2017-05-10,5.74,5.65,5.80,5.65
2017-05-11,5.64,5.82,5.82,5.63
2017-05-12,5.82,5.79,5.87,5.78
2017-05-15,5.77,5.88,5.96,5.76
2017-05-16,5.91,5.81,5.91,5.80
2017-05-17,5.82,5.84,5.92,5.81
2017-05-18,5.80,5.83,5.90,5.74
2017-05-19,5.81,5.98,6.01,5.81
2017-05-22,5.98,5.92,6.07,5.91
2017-05-23,5.93,5.93,5.97,5.83
2017-05-24,5.93,5.64,5.93,5.48
2017-05-25,5.59,5.71,5.73,5.53
2017-05-26,5.69,5.94,5.96,5.67
2017-05-31,5.90,5.72,5.90,5.69
2017-06-01,5.72,5.55,5.83,5.41
2017-06-02,5.52,5.58,5.62,5.49
2017-06-05,5.58,5.46,5.60,5.45
2017-06-06,5.45,5.15,5.47,5.14
2017-06-07,5.15,5.21,5.22,5.14
2017-06-08,5.20,5.17,5.24,5.15
2017-06-09,5.17,5.20,5.23,5.15
2017-06-12,5.25,5.50,5.51,5.25
2017-06-13,5.48,5.47,5.49,5.42
2017-06-14,5.48,5.48,5.62,5.46
2017-06-15,5.51,5.52,5.58,5.47
2017-06-16,5.50,5.40,5.54,5.36
2017-06-19,5.38,5.49,5.55,5.27
2017-06-20,5.52,5.41,5.54,5.40
2017-06-21,5.37,5.64,5.69,5.32
2017-06-22,5.63,5.68,5.70,5.57
2017-06-23,5.68,5.71,5.79,5.67
2017-06-26,5.72,5.69,5.73,5.63
2017-06-27,5.69,5.50,5.71,5.47
2017-06-28,5.50,5.52,5.57,5.40
2017-06-29,5.50,5.40,5.53,5.35
2017-06-30,5.40,5.44,5.46,5.31
2017-07-03,5.47,5.46,5.59,5.46
2017-07-04,5.46,5.50,5.53,5.41
2017-07-05,5.49,5.31,5.49,5.30
2017-07-06,5.32,5.24,5.39,5.16
2017-07-07,5.20,5.27,5.29,5.15
2017-07-10,5.15,4.75,5.24,4.75
2017-07-11,4.84,4.90,5.21,4.65
2017-07-12,4.93,5.01,5.07,4.88
2017-07-13,5.00,4.93,5.14,4.90
2017-07-14,4.81,4.94,4.99,4.78
2017-07-17,5.07,5.27,5.33,5.04
2017-07-18,5.24,5.12,5.32,5.11
2017-07-19,5.23,5.26,5.30,4.98
2017-07-20,5.79,5.79,5.79,5.74
2017-07-21,5.82,5.75,5.95,5.55
2017-07-24,5.75,5.62,5.88,5.57
2017-07-25,5.60,5.62,5.80,5.54
2017-07-26,5.57,5.72,5.78,5.55
2017-07-27,5.72,5.64,5.78,5.64
2017-07-28,5.85,6.20,6.20,5.81
2017-07-31,6.20,6.34,6.36,6.06
2017-08-01,6.21,6.24,6.28,6.10
2017-08-02,6.16,6.29,6.46,6.16
2017-08-03,6.30,6.34,6.39,6.25
2017-08-04,6.28,6.25,6.34,6.22
2017-08-07,6.25,6.28,6.29,6.21
2017-08-08,6.27,6.23,6.29,6.22
2017-08-09,6.27,6.38,6.38,6.26
2017-08-10,6.34,6.37,6.49,6.30
2017-08-11,6.35,6.41,6.55,6.35
2017-08-14,6.43,6.41,6.44,6.34
2017-08-15,6.37,6.43,6.59,6.36
2017-08-16,6.49,6.34,6.61,6.25
2017-08-17,6.32,6.52,6.61,6.28
2017-08-18,6.52,6.68,6.78,6.28
2017-08-21,6.71,6.58,6.71,6.45
2017-08-22,6.70,6.57,6.76,6.52
2017-08-23,6.53,5.93,6.54,5.91
2017-08-24,6.00,6.20,6.26,5.87
2017-08-25,6.20,6.29,6.42,6.14
2017-08-28,6.24,6.09,6.33,5.99
2017-08-29,6.07,5.79,6.11,5.76
2017-08-30,5.79,5.75,5.84,5.44
2017-08-31,5.71,5.70,5.94,5.65
2017-09-01,5.63,5.34,5.70,5.25
2017-09-04,5.44,5.49,5.69,5.43
2017-09-05,5.49,5.73,5.81,5.11
2017-09-06,5.59,5.53,5.73,5.48
2017-09-07,5.55,6.08,6.08,5.48
2017-09-08,6.11,6.13,6.29,6.03
2017-09-11,6.12,6.22,6.26,5.95
2017-09-12,6.17,6.47,6.84,6.12
2017-09-13,6.32,6.68,7.01,6.19
2017-09-14,6.70,6.88,6.88,6.67
2017-09-15,6.85,6.65,7.01,6.62
2017-09-18,6.73,6.62,6.77,6.58
2017-09-19,6.63,6.36,6.69,6.29
2017-09-20,6.39,6.55,6.56,6.24
2017-09-21,6.54,6.62,6.63,6.48
2017-09-22,6.65,6.56,6.72,6.55
2017-09-25,6.51,6.53,6.59,6.51
2017-09-26,6.57,6.62,6.66,6.57
2017-09-27,6.67,6.52,6.75,6.51
2017-09-28,6.53,6.78,6.85,6.47
2017-09-29,6.57,6.76,7.10,6.57
2017-10-09,6.76,7.16,7.21,6.76
2017-10-10,7.18,7.24,7.29,7.07
2017-10-11,7.18,7.36,7.50,7.13
2017-10-12,7.41,7.50,7.52,7.31
2017-10-13,7.46,7.58,7.67,7.36
2017-10-16,7.57,7.54,7.64,7.49
2017-10-17,7.53,7.74,7.77,7.48
2017-10-18,7.70,7.63,7.85,7.63
2017-10-19,7.59,7.49,7.68,7.42
2017-10-20,7.49,7.53,7.73,7.41
2017-10-23,7.54,7.36,7.63,7.36
2017-10-24,7.27,7.62,7.74,7.26
2017-10-25,7.62,7.62,7.74,7.50
2017-10-26,7.59,7.65,7.73,7.56
2017-10-27,7.66,7.70,7.80,7.64
2017-10-30,7.76,7.57,7.78,7.55
2017-10-31,7.58,7.57,7.66,7.53
2017-11-01,7.54,7.58,7.75,7.53
2017-11-02,7.50,7.70,7.75,7.49
2017-11-03,7.71,7.23,8.01,7.15
2017-11-06,7.06,7.03,7.23,6.90
2017-11-07,7.07,6.75,7.25,6.52
2017-11-08,6.74,7.20,7.20,6.53
2017-11-09,7.14,7.92,7.92,7.14
2017-11-10,8.07,8.25,8.43,7.97
2017-11-13,8.21,8.29,8.64,8.08
2017-11-14,8.26,8.27,8.38,8.07
2017-11-15,8.24,7.98,8.31,7.94
2017-11-16,7.99,8.00,8.07,7.93
2017-11-17,8.00,8.19,8.26,7.97
2017-11-20,8.17,8.05,8.21,8.00
2017-11-21,8.01,7.77,8.04,7.76
2017-11-22,7.77,7.88,7.91,7.77
2017-11-23,7.80,7.93,8.17,7.79
2017-11-24,7.98,7.56,7.98,7.43
2017-11-27,7.57,7.45,7.63,7.28
2017-11-28,7.48,7.07,7.60,7.03
2017-11-29,7.09,7.20,7.26,7.01
2017-11-30,7.20,7.42,7.50,7.17
2017-12-01,7.54,7.52,7.68,7.42
2017-12-04,7.46,7.68,7.69,7.36
2017-12-05,7.99,7.58,7.99,7.51
2017-12-06,7.41,7.44,7.54,7.18
2017-12-07,7.65,7.92,8.10,7.64
2017-12-08,7.88,7.38,8.04,7.34
2017-12-11,7.39,7.09,7.61,6.94
2017-12-12,7.25,7.70,7.77,6.94
2017-12-13,7.91,7.77,7.93,7.57
2017-12-14,7.79,7.90,7.91,7.74
2017-12-15,7.91,7.82,7.91,7.79
2017-12-18,7.78,7.81,7.89,7.75
2017-12-19,7.78,7.58,7.81,7.55
2017-12-20,7.54,7.58,7.64,7.53
2017-12-21,7.44,6.88,7.96,6.83
2017-12-22,6.78,6.19,7.03,6.19
2017-12-25,5.93,5.66,6.64,5.57
2017-12-26,6.23,5.09,6.23,5.09
2017-12-27,5.60,5.60,5.60,5.60
2017-12-28,5.60,5.73,5.74,5.57
2017-12-29,5.73,5.83,5.91,5.69
2018-01-02,5.83,5.86,5.91,5.76
2018-01-03,5.84,5.83,5.84,5.74
2018-01-04,5.79,5.95,6.08,5.78
2018-01-05,5.88,6.03,6.16,5.79
2018-01-08,5.82,5.65,5.91,5.65
2018-01-09,5.58,5.61,5.67,5.58
2018-01-10,5.57,5.59,5.65,5.45
2018-01-11,5.59,5.54,5.65,5.54
2018-01-12,6.09,6.09,6.09,6.09
2018-01-15,6.70,5.80,6.70,5.72
2018-01-16,5.45,5.82,6.22,5.25
2018-01-17,5.91,6.40,6.40,5.87
2018-01-18,6.70,6.90,7.03,6.54
2018-01-19,6.90,7.06,7.06,6.80
2018-01-22,7.09,7.38,7.54,6.93
2018-01-23,7.24,6.95,7.27,6.86
2018-01-24,7.05,7.03,7.23,7.00
2018-01-25,6.88,7.17,7.18,6.86
2018-01-26,7.23,7.11,7.31,6.85
2018-01-29,7.23,7.43,7.80,7.12
2018-01-30,7.44,7.50,7.86,7.25
2018-01-31,7.59,8.25,8.25,7.42
2018-02-01,8.42,9.07,9.07,8.28
